4.283544303797499897e-02 4.267088607594900218e-02 8.087341772151900032e-02 1.494050632911390064e-01 1.768860759493670054e-01 1.142151898734179993e-01 8.691139240506300101e-02 8.030379746835400456e-02 1.793670886075900139e-02 2.079620253164559951e-01
0.000000000000000000e+00 1.139240506330000058e-04 1.477215189873399941e-02 7.556962025316500686e-02 1.396835443037970081e-01 2.042405063291140022e-01 2.406962025316460030e-01 1.890632911392410020e-01 9.946835443038000435e-02 3.639240506329100011e-02
4.620253164557000351e-03 9.468354430380000741e-03 2.179746835442999964e-02 6.103797468354400096e-02 1.455189873417719881e-01 2.161012658227849936e-01 2.259493670886079941e-01 1.613797468354430109e-01 1.023670886075949971e-01 5.175949367088600317e-02
1.379746835442999990e-03 3.126582278481000125e-03 1.732911392405099907e-02 4.832911392405100232e-02 6.834177215189900234e-02 8.664556962025299347e-02 1.224430379746840047e-01 1.538734177215189958e-01 3.503797468354429845e-01 1.481518987341770011e-01
1.949367088607599843e-02 2.491139240506300145e-02 2.093670886075900059e-02 2.273417721518999901e-02 4.686075949367100174e-02 7.588607594936699896e-02 1.078607594936709935e-01 1.596202531645569966e-01 2.165189873417719957e-01 3.051772151898730079e-01
3.411392405063300159e-02 2.746582278481010109e-01 4.058607594936710083e-01 1.617341772151900114e-01 5.198734177215200147e-02 2.570886075949399899e-02 2.122784810126599961e-02 1.774683544303800112e-02 5.227848101266000143e-03 1.734177215190000091e-03
2.207594936708899905e-02 2.886075949367099963e-02 9.946835443038000435e-02 3.003417721518990002e-01 1.760886075949369967e-01 1.154810126582279939e-01 7.773417721519000623e-02 5.908860759493699683e-02 6.144303797468399914e-02 5.941772151898699894e-02
3.544303797469999925e-04 6.379746835442999878e-03 3.826582278480999966e-02 9.916455696202500225e-02 1.531139240506330101e-01 1.329746835443040009e-01 1.023544303797469940e-01 1.702151898734179936e-01 1.388101265822780095e-01 1.583670886075949913e-01
3.081012658227800030e-02 5.374303797468350519e-01 2.794050632911390109e-01 6.912658227848099413e-02 2.363291139240500036e-02 1.301265822784800075e-02 7.367088607595000289e-03 3.417721518986999944e-03 5.253164556962000228e-03 3.054430379746799970e-02
8.443164556962029499e-01 7.237974683544300125e-02 2.129113924050600112e-02 1.255696202531600067e-02 1.788607594936699949e-02 1.573417721518999973e-02 7.455696202532000223e-03 5.291139240505999923e-03 2.594936708860999790e-03 4.936708860759999890e-04
