7.736900e-02 3.654800e-02 6.326000e-02 1.528560e-01 1.535800e-01 1.559870e-01 6.259600e-02 1.117380e-01 7.952200e-02 1.065440e-01 
7.100000e-05 1.719400e-02 2.333400e-02 9.069600e-02 1.380140e-01 2.097870e-01 1.550860e-01 2.075880e-01 8.831500e-02 6.991500e-02 
6.894300e-02 6.544000e-03 3.087100e-02 6.275500e-02 1.054270e-01 1.447560e-01 3.162240e-01 6.024100e-02 1.269790e-01 7.726000e-02 
9.480000e-03 1.472800e-02 1.070400e-02 3.295700e-02 8.986900e-02 1.033010e-01 9.114300e-02 1.857020e-01 1.296730e-01 3.324430e-01 
9.297000e-03 1.872800e-02 2.865900e-02 2.059900e-02 8.561600e-02 5.070500e-02 8.312900e-02 1.159100e-01 4.461570e-01 1.412000e-01 
6.085800e-02 2.365330e-01 4.627300e-01 8.243700e-02 5.306500e-02 4.481300e-02 4.542600e-02 5.626000e-03 4.961000e-03 3.551000e-03 
4.470700e-02 7.514000e-03 8.922300e-02 3.121640e-01 1.496140e-01 1.346240e-01 9.121200e-02 6.645200e-02 3.728700e-02 6.720300e-02 
8.670000e-04 1.120400e-02 2.787000e-02 1.108180e-01 1.371450e-01 1.130690e-01 1.208090e-01 2.107840e-01 7.637000e-02 1.910640e-01 
1.473750e-01 4.430070e-01 1.856620e-01 7.658900e-02 5.267000e-02 3.263100e-02 2.701000e-02 2.015300e-02 7.463000e-03 7.440000e-03 
5.810330e-01 2.080000e-01 7.768700e-02 5.812900e-02 3.500000e-02 1.032700e-02 7.365000e-03 1.580600e-02 3.273000e-03 3.380000e-03 
