3.636512e-03 1.049384e-03 1.103430e-03 1.105801e-03 2.165357e-03 1.688705e-03 1.536938e-03 3.687943e-03 3.631025e-03 3.791445e-03 
3.982590e-07 2.632482e-04 3.107252e-04 7.049886e-04 1.110664e-03 3.668542e-03 2.718138e-03 3.442921e-03 1.002831e-03 6.694159e-04 
2.247105e-03 1.660963e-04 4.108565e-04 5.083405e-04 1.192939e-03 2.380979e-03 4.186938e-03 8.184816e-04 2.176654e-03 8.963188e-04 
2.309248e-04 3.478530e-04 1.632590e-04 2.445743e-04 1.724565e-03 1.941121e-03 1.214759e-03 6.529340e-03 1.478731e-02 2.084806e-02 
9.508269e-05 2.141974e-04 4.208010e-04 1.879411e-04 8.951019e-04 6.638151e-04 9.579201e-04 2.197980e-03 1.871087e-02 1.539329e-02 
8.122832e-03 1.064510e-02 5.112956e-03 1.215512e-03 7.764203e-04 1.302101e-03 1.780015e-03 1.689352e-05 1.912658e-05 1.139050e-05 
1.667549e-03 1.238546e-04 1.433166e-03 3.605193e-03 1.880466e-03 2.680387e-03 2.664480e-03 1.584477e-03 4.561229e-04 1.412637e-03 
1.528941e-05 1.989264e-04 2.943693e-04 1.017866e-03 1.615191e-03 2.600204e-03 3.588501e-03 1.018700e-02 3.008796e-03 1.184389e-02 
4.029746e-02 4.383142e-02 6.040443e-03 1.867025e-03 1.044162e-03 7.632437e-04 1.450842e-03 3.674219e-04 4.307273e-05 4.473240e-05 
7.239640e-02 6.059419e-02 2.508618e-03 1.209385e-03 7.541328e-04 2.811142e-04 1.774751e-04 4.084224e-04 2.307377e-05 2.520940e-05 
