1111100000 1111100111 
1110000000 1110111000 
1110000000 1111100000 
1100101001 1101101001 
1100101001 1101101111 
1100000000 1110000000 
1100000000 1100101001 
0000000000 0000000100 
0000000000 1100000000 
0000000000 1000100100 
1100100001 1101100001 
1100100001 1100100011 
0000000000 1100100001 
1101100001 1101100011 
1111100000 1111100001 
1111100000 1111100110 
1100100001 1100100011 
1000100000 1100100001 
1000100000 1101100000 
1000100000 1111100000 
1000100000 1101100001 
1100000000 1101100000 
0000000000 1100000000 
0000000000 1000100000 
0100111001 0101111001 
0100111001 1100111001 
0100110001 1110110111 
0100110001 0100111001 
0000000000 0100110001 
1100100000 1101100111 
1100100000 1111100111 
1100100000 1110100001 
1100100000 1100111111 
1100100000 1101100001 
1111100000 1111100001 
1111100000 1111100010 
1111100000 1111100001 
1101100000 1101100101 
1101100000 1111100000 
1100100000 1100100001 
1100100000 1101100000 
1100100000 1100100001 
1100100000 1111100000 
1101100100 1111111111 
1000100000 1101100001 
1101100000 1111100001 
1101100000 1101111000 
1000100000 1101100000 
1110100000 1111100000 
1110100000 1111100000 
1100100110 1110110110 
1100100110 1101100110 
1100100010 1101100010 
1100100010 1100100110 
1101100000 1111111001 
1100100000 1100110100 
1100100000 1101100000 
1100100000 1101100010 
1100100000 1101100000 
1100100000 1111100000 
1100100000 1110100110 
1100100000 1101100001 
1100100000 1100100001 
1100100000 1100100010 
1100100000 1110100000 
1100100000 1111111111 
1100100000 1110100000 
1100100000 1100100100 
1000100000 1100100000 
1000100000 1101100100 
1000100000 1100100000 
1111100110 1111101110 
1111100110 1111100111 
1111100110 1111101111 
1101100110 1101101111 
1101100110 1111100110 
1000100000 1101100110 
1100100000 1101100101 
1100100000 1100101000 
1100100000 1111100111 
1100100000 1111100001 
1111100111 1111111111 
1111100110 1111101110 
1111100110 1111100111 
1110100000 1111100110 
1100100000 1101100000 
1100100000 1110100000 
1101100110 1111100111 
1111100000 1111100110 
1101100000 1101100110 
1101100000 1111100000 
1100100000 1101100000 
1100100000 1110100000 
1100100000 1100100111 
1111100000 1111100110 
1100100111 1110100111 
1100100111 1101100111 
1100100110 1111100110 
1100100110 1100100111 
1100100000 1111100000 
1100100000 1100100110 
1100100000 1111100110 
1100100000 1100100010 
1100100000 1110100100 
1100100000 1101100111 
1100100000 1111100001 
1100111001 1111111111 
1100100001 1100100111 
1100100001 1100111001 
1100100000 1100100001 
1100100000 1101100011 
1100100000 1101100001 
1111100111 1111110111 
1100100000 1111100111 
1100100000 1111100001 
1100000000 1110000001 
1100000000 1100100000 
1100000000 1101111110 
1100000000 1101100000 
1100000000 1100100000 
1100000000 1101100000 
1100000000 1100100000 
1100000000 1100100000 
1100000000 1101110000 
1111100000 1111100001 
1011100000 1011100001 
1011100000 1111100000 
1010100000 1110111001 
1010100000 1011100000 
1110100000 1111111110 
1010100000 1110100000 
1100100000 1100100110 
1100100000 1100100001 
1000100001 1100100001 
1000100001 1001100001 
1000100000 1101110000 
1000100000 1000100001 
1000100000 1100100001 
1000100000 1100100000 
1100100010 1111100010 
1100100010 1100100111 
1100100000 1100100010 
1100100000 1100111001 
1110100001 1111100001 
1110100001 1110111111 
1110100001 1111100001 
1100100000 1110100001 
1110100001 1110100011 
1110100001 1111100001 
1100100000 1110100001 
1000100000 1100100000 
1000100000 1101111110 
1101100000 1111100000 
1101100000 1101100001 
1100100000 1101100000 
1100100000 1110101000 
1000100000 1100100000 
1000100000 1101111011 
1100100000 1111100000 
1100100000 1100100110 
1100100000 1111100000 
1000100000 1100100000 
1000100000 1111100010 
1000100000 1010100000 
1000000000 1100000000 
1000000000 1000100000 
1000000000 1000100000 
1000000000 1101100010 
1101100000 1111111000 
1101100000 1101100101 
1000000000 1101100000 
0000000000 1111100110 
0000000000 1100100000 
1100100000 1111111111 
1100100000 1111100000 
1100100000 1101100000 
1100100000 1100111000 
1100000000 1101000010 
1100000000 1100100000 
1000100001 1101101001 
1000000001 1000100001 
1000000001 1100010011 
1110100001 1110100111 
1100100000 1110100001 
1100100000 1101100000 
1100100000 1100100100 
1100100001 1100100011 
1100100000 1100100001 
1100100000 1100100001 
1100100000 1100100100 
1100100000 1110100001 
1100000000 1100100000 
1100000000 1110000011 
1000000000 1000000001 
1000000000 1100000000 
1000000000 1101100000 
1100100000 1111101100 
1000000000 1100100000 
1000000000 1101100000 
1000000000 1100000000 
1101100000 1101100100 
1100100000 1101100000 
1100100000 1100100100 
0000000000 1100100000 
0000000000 0000000001 
0000000000 1001101000 
0000000000 1101100000 
0000000000 1000100000 
0000000000 1100000000 
1100100000 1100100001 
1100100000 1110100000 
0000000000 1100100000 
0000000000 1100000000 
1100000000 1110000110 
1100000000 1101000000 
1100000000 1100100000 
1100000000 1101100000 
1111100001 1111111001 
1100000001 1110000001 
1100100000 1100100001 
1100100000 1100101010 
1100100000 1100100011 
1110100001 1111111001 
1110100001 1111100101 
1100100001 1110100001 
1100100001 1101100001 
1100100000 1100100001 
1100111001 1110111001 
1100100000 1100111001 
1100000000 1100000001 
1100000000 1100100000 
1100000000 1111100001 
0000000000 1100000000 
0000000000 1000000000 
1100100001 1100100101 
1000100001 1100100001 
1000100001 1011111001 
1000100001 1100100111 
1100100000 1101100001 
1100100000 1100100010 
1100100000 1100100101 
1100100000 1101100000 
1110100000 1110101000 
1110100000 1110100001 
1110100000 1111111001 
1111100000 1111101110 
1111100000 1111100001 
1110100000 1111100000 
1110100000 1111100001 
0000000000 1110100000 
0000000000 1100100000 
0000000000 1101100000 
0000000000 1000100001 
0000000000 1100100000 
0000000000 1000000000 
0000000000 1000100000 
1100100000 1100111000 
1100100000 1101100000 
1100100000 1111100101 
0000000000 1100100000 
0000000000 1100110000 
0000000000 1100000000 
0001000000 1111100000 
0000000000 0001000000 
0000000000 1100000000 
1101000001 1111100001 
1101100001 1101100011 
1101100000 1101100001 
1101000000 1101000001 
1101000000 1101100000 
1111100000 1111101010 
1111100000 1111100001 
1111100000 1111110111 
1100100000 1101101000 
1100100000 1101100010 
1100100000 1100100110 
1100100000 1101100000 
1100100000 1101100000 
1100100000 1100100001 
1100000000 1100100000 
1100000000 1100100000 
1100000000 1100100000 
1100000000 1101000000 
1100000000 1100100000 
1100100000 1101100000 
1100000000 1100100000 
1100000000 1101100000 
1100000000 1100100000 
1100000000 1100100000 
1100000000 1100100000 
1100000000 1100100000 
1100000000 1101000000 
1100000000 1101100000 
1100100001 1101100001 
1101100000 1101111001 
1101000000 1101000100 
1101000000 1101100000 
1100000000 1100100001 
1100000000 1101000000 
1100000000 1100000101 
1100000000 1110100000 
1100000000 1100100001 
1100000000 1100100000 
1100000000 1101100000 
1100000000 1101100000 
1100000000 1101100101 
1100000000 1101100000 
1100000000 1100100000 
1100000000 1101100000 
1100000000 1100100000 
1100000000 1101100000 
1100100000 1101111000 
1100100001 1101100001 
1100100001 1100101001 
1100100000 1101111000 
1100100000 1100100010 
1100100000 1101100001 
1100100000 1100100001 
1100100000 1101100001 
1100100000 1100100001 
1100000110 1101110110 
1100000110 1100000111 
1100000111 1101100111 
1100000110 1100000111 
1100000110 1101100110 
1100000000 1100000110 
1100000000 1100100000 
1100000000 1101100001 
1100000000 1100100000 
1100100000 1100100110 
1100100000 1101100000 
1100100000 1100111110 
1101100000 1101100001 
1101100000 1101101110 
1100100000 1101100000 
1100000000 1100100000 
1100000000 1101100000 
1100000000 1100100001 
1100000000 1100100000 
1100100000 1100100001 
1100100000 1111100111 
1100100000 1101100000 
1100100000 1101110000 
1100100000 1101100100 
1100000000 1100000110 
1100000000 1100100000 
1100000000 1101100000 
1100000000 1100100000 
1100000000 1100100000 
1100100000 1101100000 
1100000000 1100100000 
1100000000 1100100010 
1100000000 1111111110 
1100000000 1100100000 
1101100000 1101111111 
1100000000 1101100000 
1100000000 1100100000 
1100000000 1101100000 
1100000000 1100100000 
1100000000 1100101110 
1100000000 1100100000 
1100000000 1101100000 
1100000000 1101100001 
1100000000 1101100111 
1101100100 1101100111 
1100000000 1101100100 
1100000000 1100100000 
1100000000 1101100000 
1100000000 1100100000 
1100000000 1111100000 
1100000000 1110100001 
1100000000 1100100000 
1100000000 1100100110 
1100000000 1101100000 
1100000000 1101100000 
1100000000 1110000001 
1100000000 1101100111 
1100000000 1101100001 
1100000000 1111100000 
1100000000 1100101000 
1100000000 1100100001 
1100000000 1111100000 
1100000000 1101100010 
1100000000 1100100111 
1100100110 1100101111 
1100100110 1111100110 
1100000000 1100100110 
1100000000 1110100000 
1111100101 1111100111 
1101100000 1111100101 
1100000000 1101100000 
1100000000 1100100001 
1101100000 1101100001 
1101100000 1111100000 
1100000000 1101100000 
1100000000 1101000000 
1100100000 1101100000 
1100100000 1110100000 
1100000000 1101000001 
1100000000 1100100000 
1101100001 1101100111 
1101100001 1111100001 
1110000001 1110100001 
1110000001 1111000001 
1100000000 1101000000 
1100000000 1110000001 
1100000000 1100000100 
1100000001 1101100001 
1100000001 1110000001 
1100000001 1101100111 
1100000000 1100000001 
1100000000 1101100001 
1100000000 1111100001 
1100000000 1110100000 
1110100000 1110100110 
1110100000 1111100001 
1100000000 1110100000 
1100000000 1101100111 
0000000000 1100000000 
1100000001 1101100111 
1100000001 1110000001 
1100000001 1111100001 
0000000000 1100000001 
0000000000 1101100000 
0000000000 1100000111 
0000000000 1100000000 
0000000000 1101100001 
