0000000000000000000 1110101100011000000 1
0000000000000000000 0000000000000000001 2
1010101100000000010 1010101100100000010 1
0000000000000000000 1010101100000000010 1
0110001100000000000 0110001100000000010 1
0110001100000000000 0110111100001000010 1
0000000000000000000 0110001100000000000 1
0000000000000000000 1000000010000000000 1
0000000000000000000 1110001100010001110 1
1010000100000000000 1010100100000001100 1
1010000100000000000 1010001100000000000 3
1011001100010001000 1011001100011001000 1
1100000100000000000 1110101100010001000 1
1100000100000000000 1110001100010000010 1
1000000100000000000 1011001100010001000 1
1000000100000000000 1100000100000000000 1
1000000100000000000 1010000100000000000 3
0000000000000000000 0010000000000000000 1
0000000000000000000 0000000100000000000 2
0000000000000000000 1000000100000000000 2
0110001011100001010 0110001011101001010 1
0000000000000000000 0110001011100001010 1
1010101100000001010 1010101100001001010 1
1010101100000001010 1010101100101001010 1
1010001100000001000 1110001100000001100 1
1010001100000001000 1010101100000001010 1
1010101100000001001 1010101100010001001 2
1010001100000001001 1010001100010001001 1
1010001100000001001 1010101100000001001 2
1010001100000001000 1010001100000001010 3
1010001100000001000 1010001100000001001 1
1010001100000001000 1010001100010001000 2
1000001100000000000 1010001100000001000 1
0000000011000000000 0110101011101000010 1
1000000100000000000 1000000100000001101 1
1010101100000001000 1010101100000001001 1
1010101100000001000 1010101100100001010 1
1000000100000000000 1010101100000001000 1
1010001100000000010 1010001100001000010 1
1010001100000001100 1010101100100001100 1
1010001100000001000 1010101100010001010 1
1010001100000001000 1010001100000001100 1
1010001100010001000 1010101100011101000 1
1010001100010001000 1010001100010001010 2
1010001100000000000 1010001100000000010 2
1010001100000000000 1010001100000001000 2
1010001100000000000 1010101100000001010 1
1010001100000000000 1010101100101001010 1
1010000100000000000 1011000100000000010 1
0000000000000000000 0000000011000000000 1
0000000000000000000 1000001100000000000 1
1010101100011000010 1010101100011001010 1
1010101100011000010 1010101100011011010 1
1010001100001000010 1010101100011000010 1
1000000100000000000 1010001100001000010 1
1010001100010001000 1010001100010001100 1
1010001100010001000 1011001100011001010 1
1010001100010001000 1010101100010001010 1
1010101100011001010 1010101100111001010 1
1010101100010001010 1010101100011001010 3
1010001100010000010 1010101100010001010 1
1010101100010000010 1110101100011000010 1
1010101100010000010 1010101100010001010 1
1010111100010000010 1010111100011001010 1
1010101100010000010 1010111100010000010 1
1010001100010000010 1010101100010000010 1
1010001100010000010 1010001100010001010 1
1010001100000000010 1010001100010000010 1
1010001100010001010 1010101100011001010 2
1010001100010001010 1011001100010001010 1
1010001100010001010 1010001100011001010 2
1010001100010001010 1011001100011001010 1
1010001100010001010 1010101100010001010 1
1010001100000001010 1010001100010001010 2
1010001100000001010 1010101100000001010 2
1010001100100001010 1010101100101001010 1
1010001100000001010 1010001100000101010 1
1010001100000001010 1010001100100001010 1
1010101100010001010 1010101100010101010 1
1010001100000001010 1010101100010001010 1
1010001100000001000 1010101100000001001 1
1010001100000001000 1110101100101001010 1
1010001100000001000 1011001100010001010 1
1010001100000001000 1010001100010001010 1
1010001100000000000 1010001100000000001 1
1010001100000000000 1010001100010001000 1
1010101100000001000 1010101100000001100 1
1000101100000001000 1010101100000001000 1
1000101100000001000 1010101100010001010 1
1000100100000001000 1000101100000001000 1
1000100100000001000 1010100100101001000 1
1010000100000001010 1010000100001001010 1
1010000100000001010 1010101100100001011 1
1010000100000001100 1010100100010001100 1
1010000100000001100 1010000100100001100 1
1010110100000001100 1010110100100001100 1
1010110100000001100 1010110100010001100 1
1010000100000001100 1010110100000001100 1
1010000100010001010 1010110100010001010 1
1010000100010001010 1010000100010001011 1
1010000100000001000 1010000100000001100 1
1010000100000001000 1010000100010001010 1
1010000100000001000 1010000100000001010 2
1010000100000001000 1010101100101001010 1
1000001100000001000 1010001100000001010 1
1000001100000001000 1011001100010001010 1
1000000100000001000 1010000100000001000 1
1000000100000001000 1000001100000001000 1
1000000100000001000 1010101100011001010 1
1010101100000001000 1010101100010001010 2
1010101100000001000 1010101100001001100 1
1000000100000001000 1010101100000001000 1
1000000100000000000 1010101100000000010 1
1000000100000000000 1000000100000001000 1
1000000100000000000 1000100100000001000 1
1010001000000001000 1010001010100001000 1
1010001000000001000 1010101100000001010 1
1000000000000000000 1000000100000000000 1
1000000000000000000 1010001000000001000 1
1010001100000001010 1010101100101001010 1
1010000000000000000 1010000010000000010 1
1010000000000000000 1010000100010000000 1
1010000000000000000 1010001000000000010 1
1000000000000000000 1110001011010000010 1
1000000000000000000 1000000100000001000 1
1000000000000000000 1110000001000000000 1
1110101100010001100 1110101100011001100 1
1010001100000001010 1011001100000001010 1
1010000100000001010 1010001100000001010 2
1010000100000001010 1010000100010001010 1
1010000100000001000 1110101100010001100 1
1010000000000000000 1010001001000000000 1
1010000000000000000 1010000100000001000 1
1000000000000000000 1010000000000000000 1
1000000000000000000 1000001000000000000 1
1000000000000000000 1110100001000001010 1
0000000000000000000 1000000000000000000 3
1110001100010000010 1110101100010000010 1
0000000000000000000 1110001100010000010 1
0000000000000000000 1000001100010001000 1
0000000000000000000 1010000000000000000 1
0000000000000000000 1000000001000000000 1
0000000000000000000 1000000100000000010 1
0000000000000000000 1010000000000000010 1
1010001001000000010 1110001001000000010 1
1010000001000000000 1010100001000001100 1
1110001010000000010 1110001010100000010 1
1100000010000000000 1110001010000000010 1
1110101010000000000 1110101010100000000 1
1110101010000000000 1110101010010000010 1
1110101010000000000 1110111010010000000 1
1110001010000000000 1110101010000000000 1
1110001010000000000 1110011010000000000 1
1100000010000000000 1110001010000000000 1
1100000010000000000 1110101010100000000 1
1000000000000000000 1010000001000000000 1
1000000000000000000 1100000010000000000 1
0000000000000000000 1010001001000000010 1
1110000100000001000 1110000100100001000 1
0000000000000000000 1110000100000001000 1
0000000000000000000 1010000100011000010 1
1010000000000001000 1010010001000001000 1
1010000000000001000 1010001100000001001 1
0000000000000000000 1010000000000001000 1
1010101100010001001 1010101100110001001 1
1010101100010001001 1010101100011001001 1
0000000000000000000 1010101100010001001 1
0000000000000000000 0000000000000000100 1
0000000000000000000 1010001100000001010 1
1000001000000000000 1010101010100000010 1
1000001000000000000 1000011100000000000 1
0000000000000000000 1000001000000000000 1
0000000000000000000 1110001100000001100 1
0000000000000000000 0010000100000000010 1
0000000000000000000 1010000010000000000 2
1010111010010010001 1110111010010010001 2
1010111010010010001 1010111010010110001 1
1011011010010010001 1011011010011010001 1
1010101010010010001 1010101010011010001 12
1010101010010010001 1010111010010010001 1
1010101010010010001 1010101010010010101 2
1010101010010010001 1010101010010110001 4
1010101010010010001 1010101010010010011 2
1010101010010010001 1010101010010011001 1
1010101010010010001 1010101010011110001 1
1010001010010010001 1010101010010010001 8
1010001010010010001 1011001010010010001 2
1010001010010010001 1011011010010010001 1
1010001010010010001 1010101010011010001 1
1010111010010010001 1010111010011010001 2
1010011010010010001 1010111010010010001 1
1010001010010010001 1010011010010010001 1
1010001010010010001 1010101010010010011 1
1010101010010010001 1110101010011010001 1
1010001010010010001 1010111010010010001 2
1010001010010010001 1010101010011010101 1
1010001010010010001 1010001010011010001 1
1010001010000010000 1011001010000110001 1
1010001010000010000 1010101011010010010 1
1010001010000010000 1010001010010010001 1
1010000010000000000 1010010010000101010 1
1010000010000000000 1010001010000010000 1
1010001010010001010 1011001010011001010 1
1010001010010001010 1010101010010001010 2
0000000000000000000 1010001010010001010 1
0000000000000000000 1010101110010001010 1
0000000000000000000 1010001010001010000 1
0000000000000000000 1010001010000010000 2
